625
631
529
516
523
611
619
649
635
659
698
558
592
584
613
606
530
604
750
576
586
661
635
573
601
736
625
538
595
574
697
616
529
589
598
619
560
762
574
693
667
654
583
632
513
632
667
633
620
768
548
543
564
711
602
620
658
526
559
561
625
625
538
773
537
697
552
757
604
597
550
564
546
672
728
580
590
624
557
699
631
629
523
667
712
734
560
600
670
529
703
664
678
610
543
621
555
603
575
516
585
530
531
706
646
542
618
710
536
564
536
584
586
616
758
554
642
577
738
683
488
588
527
654
597
544
546
718
624
620
579
548
543
676
626
586
576
588
565
691
586
540
671
620
598
494
604
690
560
573
684
713
583
658
591
532
538
598
659
528
573
557
557
651
580
543
738
534
753
625
583
783
581
626
639
551
694
721
484
663
779
681
667
563
652
556
585
664
565
575
539
629
582
608
547
666
552
635
517
572
698
601
614
521
560
602
521
563
525
543
613
717
672
610
615
523
577
649
548
539
631
500
541
605
544
553
673
535
601
666
733
710
559
558
717
574
552
520
664
609
529
686
606
550
731
580
523
748
673
602
586
602
530
651
593
554
622
653
606
553
681
688
546
501
594
627
486
542
603
551
640
742
643
577
496
477
560
642
546
552
704
639
750
571
610
544
499
579
645
564
627
578
544
631
584
552
585
574
617
649
546
554
685
733
634
584
523
656
581
594
611
599
705
645
646
734
615
507
542
626
569
708
601
754
769
513
673
626
598
736
632
625
605
583
611
640
729
518
662
664
658
616
556
697
690
631
526
652
608
568
664
599
578
635
634
580
727
631
600
546
704
585
566
618
674
673
613
732
580
583
638
591
640
612
573
614
710
665
622
623
527
645
621
718
630
594
652
693
620
626
648
503
524
574
596
626
585
549
652
715
581
649
588
627
631
722
693
571
544
589
565
547
637
622
546
659
631
545
542
680
607
662
523
653
753
580
577
763
782
692
575
640
541
529
650
625
671
600
538
609
612
616
611
570
679
547
607
616
565
734
669
718
562
719
605
606
522
529
648
533
552
655
516
617
580
574
513
653
491
719
684
621
559
623
603
681
548
525
693
692
557
676
602
668
595
565
593
628
776
532
599
673
503
827
576
655
518
607
633
531
528
615
641
540
531
537
526
642
522
510
600
639
614
590
644
527
554
589
565
694
687
645
569
567
603
557
637
563
681
642
677
598
592
564
587
530
717
543
675
569
569
579
620
638
581
649
589
605
665
600
579
658
657
735
591
686
685
598
566
657
665
686
633
735
599
657
598
644
692
745
623
653
646
633
608
597
787
566
571
617
589
633
607
543
511
837
563
610
643
617
605
650
634
553
562
603
482
589
592
653
625
588
586
521
727
638
624
643
538
548
559
617
634
608
663
590
663
638
609
654
510
644
580
563
709
662
617
455
552
581
578
582
753
560
599
578
575
610
647
535
641
621
575
702
691
651
595
685
568
593
502
649
719
606
564
639
612
630
638
622
599
620
569
522
575
749
750
573
625
578
561
649
634
719
585
544
739
608
680
652
515
649
635
649
552
656
654
637
662
552
620
640
777
576
589
611
499
705
662
609
564
683
606
642
641
500
645
699
667
500
667
590
599
651
625
639
578
496
665
636
620
523
534
620
582
602
620
529
684
537
574
578
717
621
666
565
688
541
674
681
519
569
649
591
556
586
667
642
603
562
525
625
720
562
626
626
518
670
557
648
540
582
663
718
683
580
540
613
623
726
614
594
612
601
556
554
598
783
758
731
584
724
620
569
839
577
608
582
535
560
585
631
633
615
683
591
709
644
687
649
544
681
639
660
573
552
603
735
663
549
574
556
651
621
506
514
654
666
549
720
625
565
606
642
534
586
669
574
604
611
592
665
527
543
658
523
567
574
657
493
598
584
610
656
568
549
566
677
538
492
604
555
693
637
606
644
556
592
636
619
724
593
594
629
613
572
730
622
534
494
596
493
594
638
827
594
671
616
561
649
553
789
545
557
690
612
737
564
563
608
636
591
711
588
555
516
679
549
606
591
570
713
669
557
662
564
598
597
629
589
639
691
547
608
657
633
647
646
593
651
882
634
730
611
662
622
622
627
679
591
583
598
558
642
662
554
526
614
604
640
660
769
671
719
535
612
671
624
692
603
521
739
685
563
532
569
667
639
618
567
567
644
802
682
683
682
677
726
642
499
587
657
601
583
461
621
725
592
662
631
636
656
736
645
665
566
649
608
673
587
598
719
677
588
604
673
567
628
597
680
